0,60
80,40,80,100,60,
1,112.619
68.7868,100,68.7868,100,48.5644,
68.7868,100,91.2132,40,64.0542,
2,40
80,30,80,40,10,
80,40,70,40,10,
70,40,60,40,10,
60,40,50,40,10,
3,42.7279
80,20,80,30,10,
80,30,80,30,2.72792,
80,30,80,40,10,
80,40,70,40,10,
70,40,60,40,10,
4,45.4558
80,10,80,20,10,
80,20,80,20,1.72792,
80,20,80,30,10,
80,30,80,30,3.72792,
80,30,80,40,10,
80,40,70,40,10,
5,89.5184
58.7868,100,58.7868,100,49.5184,
58.7868,100,68.7868,100,10,
68.7868,100,68.7868,110,10,
68.7868,110,68.7868,120,10,
68.7868,120,68.7868,130,10,
6,92.2463
48.7868,100,48.7868,100,48.5184,
48.7868,100,58.7868,100,10,
58.7868,100,58.7868,100,3.72792,
58.7868,100,68.7868,100,10,
68.7868,100,68.7868,110,10,
68.7868,110,68.7868,120,10,
7,94.9742
38.7868,100,38.7868,100,47.5184,
38.7868,100,48.7868,100,10,
48.7868,100,48.7868,100,3.72792,
48.7868,100,58.7868,100,10,
58.7868,100,58.7868,100,3.72792,
58.7868,100,68.7868,100,10,
68.7868,100,68.7868,110,10,
